16.068445995089597
16.971176704774674
16.713535778941257
18.88440014301633
21.333597381822784
17.007360475862885
20.798835565662234
26.685502635666747
16.707412675426106
17.365211399461806
22.940188556635903
16.732106512312622
23.310923199418028
17.93230809082038
19.704663087581935
16.82271889754192
25.232696138810283
21.7443339089441
25.887054103083358
20.714272650055833
23.417221198981668
14.855133506968112
17.41626127011299
22.532876166969373
17.18493174020085
12.477591193100858
16.68881234121791
25.109207988472114
25.73878663690085
18.775836426316765
22.141107507885298
20.576200494514385
17.09030877369326
16.608889222016863
25.014323045068245
18.757628045541633
19.44332363943922
25.087438333681735
11.395650632421077
26.29827228995231
22.436888072493833
23.776160940353076
17.141681462658024
19.46885035980385
23.572792174496563
12.757191569736596
21.557962373468843
10.755435276685658
23.807256342151174
23.086148478016636
20.722939604850275
24.207139341961245
19.152421720910997
28.5086380495571
24.93781739343702
23.35902714781514
17.569883771109392
19.805920820306063
19.455923017427736
17.302102958924667
21.546326429879244
20.36280028245109
20.878626935219568
24.454842150074423
18.7813813631042
18.381120952114525
14.659037269885847
21.825923726606973
16.419234803275096
24.828369960515722
13.014207198061499
18.40366125705782
15.275069724876307
18.14826292435779
22.346080823528155
15.582847551769191
24.426474430971
12.31773717523194
16.76931943467062
22.26356126036224
20.393644812118787
23.229349110998115
18.889178690350494
17.03068052533132
23.689509579820424
24.004078724766025
26.894761675251207
13.039811948139704
17.012655021175213
19.256347549223864
21.766777227626893
19.889541896921553
20.841620415722353
22.574929019396674
22.399595221348296
18.297162516988514
23.749874167663503
28.340184081248097
28.20314393841312
20.98272118219165
22.706196378655576
26.87271948920999
14.077515832312987
18.74576927037812
27.217769868938873
26.685762771252705
20.156418952803524
16.65061290939942
16.103236887937804
17.770501763804788
25.550024281547977
26.013949672190687
22.018204813969035
17.016861056404643
20.983199383111764
14.739596821004511
20.179795899142935
25.83993530398955
22.076410893225905
10.327718994520751
11.345382492670309
18.45386046170387
10.917070458845027
23.510461894306857
20.740431136127683
18.39395329695371
13.726045807883597
21.493736965474422
23.66933659559911
17.743177257351405
19.67826422153038
21.057788618649855
19.094396484052655
19.80360699968801
16.099365139693507
24.362188037051084
16.707825693684168
13.19914252052778
17.495210979703835
25.38301088256179
11.303519484356636
15.0978883711031
21.173767227598034
13.691629289309418
22.828138738903608
19.266736414399382
24.642769040906913
21.758414766958648
21.044566395072508
11.921617620853999
21.807819687887125
26.63478301863296
19.93022056189111
24.51108968026476
12.84664062435337
31.140472552476254
17.015027370958475
25.529412695128848
11.045179981450257
16.6175551428128
15.710584930976363
15.616381214787577
23.629943288812253
26.669566863842668
20.721867728662044
21.439637771749656
20.92768046400357
16.505319229985012
18.866257406642116
21.970106152225036
18.80120374136782
20.199873469286064
23.819696014576774
17.5231182166963
21.77343118957384
19.42324989891521
25.995496860526416
27.428811050047415
18.45030442236856
24.393796127401455
21.281435731901976
20.25877369283641
22.16501913315812
20.342635171974234
24.798089716757968
20.237575485462965
21.07668124983293
11.486503638946902
18.484885178021564
19.704618800908097
26.352800313071448
18.279914083726165
22.01196439723111
20.037401602912492
21.0168589291227
21.900616263410217
25.227974155548083
15.491264661244575
16.671671660808073
15.003466649064304
